Condition	Frequency	Block	Timing File	TaskObject#1	TaskObject#2	TaskObject#3	TaskObject#4
1	3	1 2 3 4 5 6 7 8 9 10 11	dms	fix(0.00,0.00)	pic(cir0.png,-6.00,-6.00,360.39,360.39)	pic(cir0.png,-10.00,0.00,360.39,360.39)	pic(rad0.png,10.00,0.00,360.39,360.39)
2	3	1 2 3 4 5 6 7 8 9 10 11	dms	fix(0.00,0.00)	pic(cir0.png,-6.00,-6.00,360.39,360.39)	pic(cir0.png,10.00,0.00,360.39,360.39)	pic(rad0.png,-10.00,0.00,360.39,360.39)
3	2	1 2 3 4 5 6 7 8 9 10 11	dms	fix(0.00,0.00)	pic(rad0.png,-6.00,-6.00,360.39,360.39)	pic(rad0.png,-10.00,0.00,360.39,360.39)	pic(cir0.png,10.00,0.00,360.39,360.39)
4	2	1 2 3 4 5 6 7 8 9 10 11	dms	fix(0.00,0.00)	pic(rad0.png,-6.00,-6.00,360.39,360.39)	pic(rad0.png,10.00,0.00,360.39,360.39)	pic(cir0.png,-10.00,0.00,360.39,360.39)
5	2	2 3 4 5 6 7 8 9 10	dms	fix(0.00,0.00)	pic(cir6.png,-6.00,-6.00,360.39,360.39)	pic(cir0.png,-10.00,0.00,360.39,360.39)	pic(rad0.png,10.00,0.00,360.39,360.39)
6	2	2 3 4 5 6 7 8 9 10	dms	fix(0.00,0.00)	pic(cir6.png,-6.00,-6.00,360.39,360.39)	pic(cir0.png,10.00,0.00,360.39,360.39)	pic(rad0.png,-10.00,0.00,360.39,360.39)
7	2	2 3 4 5 6 7 8 9 10	dms	fix(0.00,0.00)	pic(rad6.png,-6.00,-6.00,360.39,360.39)	pic(rad0.png,-10.00,0.00,360.39,360.39)	pic(cir0.png,10.00,0.00,360.39,360.39)
8	2	2 3 4 5 6 7 8 9 10	dms	fix(0.00,0.00)	pic(rad6.png,-6.00,-6.00,360.39,360.39)	pic(rad0.png,10.00,0.00,360.39,360.39)	pic(cir0.png,-10.00,0.00,360.39,360.39)
9	2	3 4 5 6 7 8 9 10	dms	fix(0.00,0.00)	pic(cir14.png,-6.00,-6.00,360.39,360.39)	pic(cir0.png,-10.00,0.00,360.39,360.39)	pic(rad0.png,10.00,0.00,360.39,360.39)
10	2	3 4 5 6 7 8 9 10	dms	fix(0.00,0.00)	pic(cir14.png,-6.00,-6.00,360.39,360.39)	pic(cir0.png,10.00,0.00,360.39,360.39)	pic(rad0.png,-10.00,0.00,360.39,360.39)
11	2	3 4 5 6 7 8 9 10	dms	fix(0.00,0.00)	pic(rad14.png,-6.00,-6.00,360.39,360.39)	pic(rad0.png,-10.00,0.00,360.39,360.39)	pic(cir0.png,10.00,0.00,360.39,360.39)
12	2	3 4 5 6 7 8 9 10	dms	fix(0.00,0.00)	pic(rad14.png,-6.00,-6.00,360.39,360.39)	pic(rad0.png,10.00,0.00,360.39,360.39)	pic(cir0.png,-10.00,0.00,360.39,360.39)
13	2	4 5 6 7 8 9 10	dms	fix(0.00,0.00)	pic(cir28.png,-6.00,-6.00,360.39,360.39)	pic(cir0.png,-10.00,0.00,360.39,360.39)	pic(rad0.png,10.00,0.00,360.39,360.39)
14	2	4 5 6 7 8 9 10	dms	fix(0.00,0.00)	pic(cir28.png,-6.00,-6.00,360.39,360.39)	pic(cir0.png,10.00,0.00,360.39,360.39)	pic(rad0.png,-10.00,0.00,360.39,360.39)
15	4	4 5 6 7 8 9 10	dms	fix(0.00,0.00)	pic(rad28.png,-6.00,-6.00,360.39,360.39)	pic(rad0.png,-10.00,0.00,360.39,360.39)	pic(cir0.png,10.00,0.00,360.39,360.39)
16	4	4 5 6 7 8 9 10	dms	fix(0.00,0.00)	pic(rad28.png,-6.00,-6.00,360.39,360.39)	pic(rad0.png,10.00,0.00,360.39,360.39)	pic(cir0.png,-10.00,0.00,360.39,360.39)
17	2	5 6 7 8 9 10	dms	fix(0.00,0.00)	pic(cir49.png,-6.00,-6.00,360.39,360.39)	pic(cir0.png,-10.00,0.00,360.39,360.39)	pic(rad0.png,10.00,0.00,360.39,360.39)
18	2	5 6 7 8 9 10	dms	fix(0.00,0.00)	pic(cir49.png,-6.00,-6.00,360.39,360.39)	pic(cir0.png,10.00,0.00,360.39,360.39)	pic(rad0.png,-10.00,0.00,360.39,360.39)
19	8	5 6 7 8 9 10	dms	fix(0.00,0.00)	pic(rad49.png,-6.00,-6.00,360.39,360.39)	pic(rad0.png,-10.00,0.00,360.39,360.39)	pic(cir0.png,10.00,0.00,360.39,360.39)
20	8	5 6 7 8 9 10	dms	fix(0.00,0.00)	pic(rad49.png,-6.00,-6.00,360.39,360.39)	pic(rad0.png,10.00,0.00,360.39,360.39)	pic(cir0.png,-10.00,0.00,360.39,360.39)
21	3	6 7 8 9 10	dms	fix(0.00,0.00)	pic(cir71.png,-6.00,-6.00,360.39,360.39)	pic(cir0.png,-10.00,0.00,360.39,360.39)	pic(rad0.png,10.00,0.00,360.39,360.39)
22	3	6 7 8 9 10	dms	fix(0.00,0.00)	pic(cir71.png,-6.00,-6.00,360.39,360.39)	pic(cir0.png,10.00,0.00,360.39,360.39)	pic(rad0.png,-10.00,0.00,360.39,360.39)
23	6	6 7 8 9 10	dms	fix(0.00,0.00)	pic(rad71.png,-6.00,-6.00,360.39,360.39)	pic(rad0.png,-10.00,0.00,360.39,360.39)	pic(cir0.png,10.00,0.00,360.39,360.39)
24	6	6 7 8 9 10	dms	fix(0.00,0.00)	pic(rad71.png,-6.00,-6.00,360.39,360.39)	pic(rad0.png,10.00,0.00,360.39,360.39)	pic(cir0.png,-10.00,0.00,360.39,360.39)
25	4	7 8 9 10	dms	fix(0.00,0.00)	pic(cir85.png,-6.00,-6.00,360.39,360.39)	pic(cir0.png,-10.00,0.00,360.39,360.39)	pic(rad0.png,10.00,0.00,360.39,360.39)
26	4	7 8 9 10	dms	fix(0.00,0.00)	pic(cir85.png,-6.00,-6.00,360.39,360.39)	pic(cir0.png,10.00,0.00,360.39,360.39)	pic(rad0.png,-10.00,0.00,360.39,360.39)
27	4	7 8 9 10	dms	fix(0.00,0.00)	pic(rad85.png,-6.00,-6.00,360.39,360.39)	pic(rad0.png,-10.00,0.00,360.39,360.39)	pic(cir0.png,10.00,0.00,360.39,360.39)
28	4	7 8 9 10	dms	fix(0.00,0.00)	pic(rad85.png,-6.00,-6.00,360.39,360.39)	pic(rad0.png,10.00,0.00,360.39,360.39)	pic(cir0.png,-10.00,0.00,360.39,360.39)
29	4	8 9 10	dms	fix(0.00,0.00)	pic(cir99.png,-6.00,-6.00,360.39,360.39)	pic(cir0.png,-10.00,0.00,360.39,360.39)	pic(rad0.png,10.00,0.00,360.39,360.39)
30	4	8 9 10	dms	fix(0.00,0.00)	pic(cir99.png,-6.00,-6.00,360.39,360.39)	pic(cir0.png,10.00,0.00,360.39,360.39)	pic(rad0.png,-10.00,0.00,360.39,360.39)
31	8	8 9 10	dms	fix(0.00,0.00)	pic(rad99.png,-6.00,-6.00,360.39,360.39)	pic(rad0.png,-10.00,0.00,360.39,360.39)	pic(cir0.png,10.00,0.00,360.39,360.39)
32	8	8 9 10	dms	fix(0.00,0.00)	pic(rad99.png,-6.00,-6.00,360.39,360.39)	pic(rad0.png,10.00,0.00,360.39,360.39)	pic(cir0.png,-10.00,0.00,360.39,360.39)
33	2	20	dms	fix(0.00,0.00)	pic(cir28.png,-6.00,-6.00,360.39,360.39)	pic(cir0.png,-10.00,0.00,360.39,360.39)	pic(rad0.png,10.00,0.00,360.39,360.39)
34	2	20	dms	fix(0.00,0.00)	pic(cir28.png,-6.00,-6.00,360.39,360.39)	pic(cir0.png,10.00,0.00,360.39,360.39)	pic(rad0.png,-10.00,0.00,360.39,360.39)
35	3	20	dms	fix(0.00,0.00)	pic(rad28.png,-6.00,-6.00,360.39,360.39)	pic(rad0.png,-10.00,0.00,360.39,360.39)	pic(cir0.png,10.00,0.00,360.39,360.39)
36	3	20	dms	fix(0.00,0.00)	pic(rad28.png,-6.00,-6.00,360.39,360.39)	pic(rad0.png,10.00,0.00,360.39,360.39)	pic(cir0.png,-10.00,0.00,360.39,360.39)
37	2	30	dms	fix(0.00,0.00)	pic(cir49.png,-6.00,-6.00,360.39,360.39)	pic(cir0.png,-10.00,0.00,360.39,360.39)	pic(rad0.png,10.00,0.00,360.39,360.39)
38	2	30	dms	fix(0.00,0.00)	pic(cir49.png,-6.00,-6.00,360.39,360.39)	pic(cir0.png,10.00,0.00,360.39,360.39)	pic(rad0.png,-10.00,0.00,360.39,360.39)
39	4	30	dms	fix(0.00,0.00)	pic(rad49.png,-6.00,-6.00,360.39,360.39)	pic(rad0.png,-10.00,0.00,360.39,360.39)	pic(cir0.png,10.00,0.00,360.39,360.39)
40	4	30	dms	fix(0.00,0.00)	pic(rad49.png,-6.00,-6.00,360.39,360.39)	pic(rad0.png,10.00,0.00,360.39,360.39)	pic(cir0.png,-10.00,0.00,360.39,360.39)