9
35
8
29
16
48
18
40
21
32
14
39
5
46
19
43
11
26
13
28
25
38
7
36
17
47
12
41
20
37
10
49
6
44
24
45
23
27
3
31
1
34
15
30
2
50
22
42
4
33
6
30
11
45
10
36
22
46
12
39
21
40
4
31
16
49
24
35
23
50
9
38
3
47
15
27
8
42
18
34
2
26
13
33
17
32
7
41
25
37
20
29
5
43
14
48
1
28
19
44
21
31
16
29
9
45
5
47
22
43
17
46
24
28
23
44
4
26
7
40
14
37
10
38
18
39
2
42
25
30
8
34
12
27
11
41
3
35
20
32
13
33
19
48
6
50
1
36
15
49
1
50
17
39
6
34
5
41
4
31
13
33
7
47
9
43
19
26
18
32
15
28
22
46
16
30
23
44
14
35
3
42
11
48
20
36
10
49
2
37
8
45
12
27
21
40
25
29
24
38
13
26
1
38
14
30
3
41
5
48
6
27
8
49
2
36
19
40
17
42
25
44
20
29
12
47
7
43
15
46
22
37
24
31
4
50
16
45
10
32
9
39
18
28
11
33
21
35
23
34
8
46
15
30
14
31
9
29
18
42
1
47
11
39
2
26
19
33
20
28
7
35
25
40
4
49
21
44
3
48
23
43
17
45
6
50
5
27
24
36
22
37
13
32
10
41
12
38
16
34
18
26
10
28
19
38
6
45
4
37
16
34
14
42
11
47
2
39
24
46
9
41
25
33
22
35
5
49
20
48
23
50
8
40
17
32
15
44
21
29
3
43
12
31
1
36
13
30
7
27
16
41
10
39
13
32
24
26
14
50
3
40
1
34
23
44
8
28
5
38
11
48
6
27
20
46
9
43
18
47
17
36
21
37
19
33
25
49
22
45
7
31
4
42
15
35
12
30
2
29
14
44
24
41
10
32
15
39
18
45
3
47
13
40
9
48
20
50
21
38
6
33
16
49
5
46
2
30
25
28
8
36
1
26
7
37
23
27
22
31
17
29
12
42
4
43
11
34
19
35
17
47
5
26
18
46
2
49
24
43
21
41
3
38
10
44
1
28
12
35
7
42
9
29
19
34
15
33
22
39
25
32
8
45
20
37
4
36
6
50
14
48
16
40
11
30
23
27
13
31
