50
47
35
40
27
36
32
26
43
41
28
31
30
39
29
44
45
49
33
37
42
34
48
38
46
43
27
37
49
39
31
33
32
42
46
45
35
29
50
44
28
41
48
34
36
30
26
38
47
40
40
41
30
50
37
38
49
33
28
46
27
43
31
36
29
48
45
39
44
35
26
47
32
34
42
31
48
49
40
46
27
43
35
26
36
32
50
37
29
33
47
44
34
30
38
45
39
42
41
28
46
33
26
44
45
37
41
35
27
40
36
49
47
50
32
29
31
34
28
42
30
48
43
39
38
39
40
43
33
27
42
46
48
44
50
32
26
35
41
34
37
36
38
47
28
49
30
31
29
45
38
46
26
36
35
34
30
48
39
40
50
29
44
49
45
47
41
33
31
43
37
32
42
27
28
50
45
48
34
35
41
29
40
42
49
39
28
33
27
31
32
30
37
46
36
38
43
44
26
47
41
42
30
28
35
50
36
26
39
27
29
34
48
46
44
40
33
38
49
37
32
47
31
45
43
44
35
42
31
46
28
50
45
36
27
41
39
26
30
43
37
32
29
33
49
34
47
48
40
38
