17
6
15
14
23
7
4
9
1
12
8
18
19
24
5
10
3
13
25
16
21
11
20
2
22
25
8
21
14
15
9
13
17
22
7
18
20
6
19
2
12
23
10
1
11
5
16
4
24
3
24
9
20
14
22
11
3
13
19
17
10
8
25
4
7
16
6
12
18
2
23
15
5
1
21
23
3
2
1
12
11
5
20
10
8
9
14
17
7
15
4
21
16
22
25
19
13
6
18
24
23
11
15
12
19
10
13
14
4
25
9
2
6
21
22
24
20
3
18
8
17
1
5
7
16
21
17
1
16
25
6
10
18
23
19
5
14
4
3
9
13
15
2
7
11
8
20
22
12
24
6
15
12
14
20
22
9
13
24
7
8
25
5
17
23
16
4
18
21
3
1
10
2
11
19
12
15
23
21
25
5
20
2
8
13
9
7
22
19
18
4
16
14
10
3
6
11
24
1
17
11
20
4
13
21
18
17
5
25
12
3
2
10
22
14
23
19
24
16
6
15
9
7
1
8
12
11
23
21
7
5
17
18
3
9
2
14
13
6
8
25
4
24
1
10
16
20
22
19
15
