99
123
32
174
40
175
22
152
34
170
92
146
91
119
35
190
6
112
55
127
3
165
96
121
68
160
16
148
69
166
11
136
54
140
30
135
45
115
77
101
60
105
74
176
78
133
72
186
62
149
70
184
51
113
33
171
7
147
86
150
38
163
100
129
58
107
76
134
81
182
89
196
42
103
28
157
17
143
41
172
47
187
98
159
80
162
14
128
46
145
56
164
63
151
93
131
8
194
67
120
84
195
90
111
97
180
83
193
59
156
79
155
5
197
48
198
53
144
29
104
21
117
25
181
52
139
37
169
64
138
31
106
49
142
27
188
61
179
88
177
50
108
87
185
26
109
43
178
94
183
19
110
44
124
15
192
73
189
1
161
36
102
82
200
71
130
23
125
65
199
2
173
4
116
18
141
85
126
75
137
24
158
95
153
39
132
13
114
9
191
66
167
20
154
57
168
10
122
12
118
94
133
44
196
81
161
61
103
41
143
65
101
71
125
28
104
36
119
69
106
96
136
18
190
91
176
24
158
16
120
80
110
11
169
35
199
17
135
19
160
14
121
54
157
49
200
92
165
29
173
66
138
32
178
42
181
37
194
12
184
21
145
38
182
78
131
67
151
5
198
59
140
2
188
58
166
30
137
39
172
23
179
20
122
27
126
50
128
13
149
100
146
84
197
47
174
55
132
95
117
73
116
83
167
99
175
40
139
53
112
4
105
52
127
8
154
90
147
48
162
10
180
31
189
33
177
86
195
87
183
9
130
56
171
1
114
72
129
57
111
68
153
79
156
34
164
98
102
75
155
70
152
46
109
82
187
74
144
64
115
43
124
89
108
3
193
15
107
88
185
7
118
62
123
93
170
77
192
76
163
85
191
25
142
63
148
22
141
45
113
6
168
51
186
97
150
26
134
60
159
52
156
48
145
8
200
60
120
40
192
9
132
23
118
75
119
2
193
19
106
88
194
64
130
25
199
61
142
73
184
67
178
85
197
42
129
87
160
35
185
69
170
41
117
99
147
24
144
71
104
26
159
74
105
37
190
10
173
57
157
18
141
65
150
45
123
94
169
50
164
13
137
96
152
1
166
22
121
54
186
79
158
27
162
90
175
29
155
91
148
55
122
53
109
4
136
59
198
63
196
31
181
28
140
11
115
17
133
78
134
76
191
3
102
49
113
89
111
66
101
20
143
100
183
83
125
33
110
7
108
80
112
81
174
12
138
92
195
95
153
43
149
38
131
47
154
36
114
82
151
77
139
39
187
5
146
6
168
86
124
15
177
62
165
68
126
72
189
56
171
93
167
21
161
46
188
58
176
14
135
98
179
97
103
44
182
30
163
51
127
70
107
32
172
84
128
34
180
16
116
9
172
35
146
99
158
92
173
43
196
53
144
46
105
78
123
82
184
72
156
25
142
73
197
36
163
49
198
61
162
91
149
74
120
51
152
75
132
89
189
52
167
48
110
50
190
70
139
66
126
40
106
16
121
23
136
65
148
55
127
95
140
94
143
96
115
45
180
90
170
69
155
60
157
97
138
14
150
38
108
47
154
62
125
17
186
58
169
88
103
13
122
59
183
56
116
41
145
2
104
67
151
77
117
19
130
34
192
32
159
5
124
22
176
11
166
44
112
76
191
26
182
42
101
54
135
68
137
98
175
27
187
24
161
57
107
4
174
80
129
28
181
81
113
21
178
31
177
87
195
15
134
6
188
100
133
39
171
20
160
1
118
63
164
86
185
83
179
37
199
10
194
64
119
7
168
29
102
18
193
33
141
3
147
79
109
84
165
93
128
71
131
30
200
85
111
8
153
12
114
72
171
60
132
65
160
94
199
16
183
24
105
38
148
71
144
81
163
34
131
40
156
77
111
51
113
4
175
41
151
5
102
69
150
79
169
70
147
2
182
80
139
82
170
32
180
99
103
83
133
92
118
53
123
84
191
26
134
23
165
93
122
87
116
29
126
12
112
36
189
88
104
54
167
59
109
43
107
35
168
98
188
66
125
86
129
85
130
7
179
17
198
22
124
18
138
27
146
58
195
39
154
73
164
62
119
46
158
49
166
63
127
31
178
56
121
37
110
76
196
28
187
91
135
97
173
10
152
20
185
44
159
64
145
100
106
78
117
6
155
30
186
8
142
50
128
74
143
61
162
1
181
19
114
47
141
68
140
90
184
96
193
3
177
75
161
13
192
11
190
9
149
48
120
57
194
25
200
67
115
33
153
42
176
21
172
55
174
15
137
89
197
95
157
52
136
45
108
14
101
54
103
32
178
9
107
47
128
64
187
26
140
52
127
88
123
49
138
23
121
65
155
98
147
61
195
8
197
17
117
25
132
63
122
11
125
97
134
62
111
21
182
4
116
44
190
77
112
42
181
19
193
41
131
78
162
99
174
75
166
93
133
28
153
68
188
91
179
2
168
13
199
22
108
37
148
30
139
7
159
69
170
81
142
96
189
10
114
43
145
95
124
87
171
80
141
40
135
57
165
48
163
85
129
16
198
39
185
84
152
86
167
82
115
6
184
66
137
38
157
60
186
31
180
1
113
24
102
5
172
29
109
76
183
72
151
79
191
55
110
89
156
27
194
12
176
100
160
15
169
35
119
83
106
74
130
56
101
34
200
50
144
45
118
36
158
14
161
58
196
94
175
59
104
33
192
20
146
53
126
67
136
71
150
18
105
92
149
70
120
46
154
73
177
51
173
90
164
3
143
16
173
71
147
85
168
7
189
42
187
33
169
40
175
48
151
100
129
17
167
30
176
28
119
22
170
70
197
64
122
26
154
9
113
43
198
98
131
20
133
24
126
23
172
59
171
51
153
76
142
73
184
41
155
63
156
25
111
34
136
27
192
4
159
13
160
66
165
89
101
93
130
32
107
21
185
56
190
86
150
5
149
57
121
65
112
2
143
1
105
61
186
88
137
52
161
37
183
82
174
72
157
58
182
84
117
47
158
11
180
94
141
79
200
14
118
87
140
62
193
19
177
99
162
10
128
97
102
69
127
12
148
38
138
54
144
44
132
45
146
83
164
35
106
60
124
68
114
67
104
36
152
50
194
77
135
15
191
91
166
55
139
92
178
95
110
3
125
46
115
80
145
29
195
39
188
78
134
49
199
31
123
96
120
90
116
74
196
81
103
6
163
8
108
18
179
75
109
53
181
63
182
38
117
51
115
35
139
48
134
49
160
40
169
74
131
57
113
70
103
59
198
31
108
93
195
45
122
61
101
50
119
15
199
77
174
5
133
43
121
36
179
89
163
69
165
95
181
12
118
21
200
100
144
88
116
23
126
32
146
99
172
96
173
98
111
92
105
18
102
7
130
26
120
52
171
80
188
94
106
83
183
6
151
22
166
34
156
42
164
1
197
68
180
71
147
76
128
13
114
60
150
55
167
4
107
85
104
86
136
14
132
62
187
16
158
44
127
90
109
72
189
79
196
33
129
47
161
2
186
54
168
9
143
82
170
75
192
41
155
46
123
87
152
27
185
17
142
10
194
30
140
11
184
20
141
25
110
73
162
64
178
24
193
29
190
3
191
53
138
97
145
37
112
19
177
84
157
65
149
39
148
56
124
91
159
58
154
66
153
78
176
81
125
28
135
8
175
67
137
5
192
43
123
11
159
15
183
25
124
78
104
49
153
100
136
75
182
64
115
41
194
89
119
88
199
24
118
39
163
36
143
63
108
30
156
31
145
52
113
70
173
46
196
59
140
65
200
99
106
4
184
90
139
35
114
57
133
7
152
27
129
95
197
94
127
85
110
76
174
32
170
22
138
38
148
34
189
10
157
37
109
73
126
2
120
40
195
47
172
16
164
86
150
50
165
56
186
77
130
91
180
81
188
6
190
80
122
48
176
44
162
71
117
23
185
17
105
28
102
62
137
42
154
61
134
98
198
51
116
20
112
12
169
1
175
18
131
3
191
68
149
93
158
19
177
69
141
79
161
21
144
58
128
87
193
84
147
45
125
72
151
82
111
53
107
13
101
55
167
96
132
66
187
83
121
9
155
67
171
97
160
33
103
8
168
60
179
29
181
54
135
14
146
92
166
26
142
74
178
36
174
41
196
33
125
79
128
37
167
92
110
47
141
48
179
29
194
49
131
31
130
81
105
89
116
77
139
40
140
96
101
64
176
70
177
7
158
30
144
2
165
1
133
86
156
38
149
56
150
57
142
78
134
51
152
95
178
28
183
3
103
73
190
19
188
60
200
43
160
85
137
12
135
23
136
69
127
6
173
9
197
82
104
18
159
67
117
46
112
45
151
87
166
39
161
61
175
32
182
15
189
90
185
5
155
55
122
58
123
27
169
26
132
84
138
66
118
50
191
20
107
80
157
99
146
11
198
72
108
71
145
62
114
35
193
97
129
93
180
22
181
65
102
42
113
24
163
59
168
44
143
14
199
74
192
16
109
52
154
10
106
91
195
53
147
13
148
4
115
83
153
68
184
17
120
100
124
21
170
98
126
34
187
63
121
25
172
88
119
54
111
8
186
94
164
76
171
75
162
