75
564
384
473
568
549
293
363
127
521
191
72
638
166
25
340
311
267
231
456
536
227
197
22
586
437
190
557
244
69
354
143
122
312
163
551
430
476
30
96
214
518
81
48
637
308
159
326
555
513
60
211
137
110
457
151
173
414
452
583
31
84
135
519
150
128
286
229
539
454
427
429
545
240
323
468
530
253
409
424
544
589
380
186
107
230
578
418
121
489
499
626
622
172
115
80
56
342
381
309
573
602
393
579
399
605
180
441
395
483
162
233
148
92
529
88
552
260
201
347
306
632
220
101
332
404
345
392
178
289
503
570
490
351
335
542
423
256
553
6
576
310
595
313
339
403
294
466
296
337
504
281
501
97
274
32
394
520
21
478
376
560
635
449
52
531
119
245
443
36
537
523
535
131
268
465
541
371
369
416
362
636
509
125
40
57
251
228
78
460
90
5
609
300
102
239
169
607
86
246
77
408
153
147
494
105
184
604
237
33
98
71
282
532
236
330
17
558
179
37
587
364
512
474
625
210
144
234
421
495
401
87
540
158
223
585
379
434
222
65
63
83
406
16
458
224
39
79
269
610
440
517
203
350
202
412
426
304
639
481
192
14
582
50
250
619
2
533
385
547
164
182
432
360
348
438
548
104
492
204
327
486
397
321
446
174
442
343
618
445
61
373
51
74
498
411
120
277
208
133
112
502
375
315
27
318
471
357
196
238
146
470
301
85
242
136
157
372
621
377
8
114
482
477
571
588
152
12
29
154
255
303
386
212
617
631
410
510
279
475
596
35
367
370
319
484
472
209
165
171
45
630
508
1
145
116
285
295
419
593
575
598
49
417
280
329
103
226
597
200
469
13
493
556
64
488
387
108
407
566
47
23
464
581
254
349
433
526
324
175
614
451
15
341
261
106
507
24
124
500
616
187
485
139
627
439
444
19
511
415
288
436
413
515
176
497
524
206
123
592
225
355
390
398
38
431
594
322
252
195
374
601
181
284
514
259
290
160
463
46
18
391
359
563
141
99
400
168
235
383
247
572
562
205
73
91
405
177
459
258
435
623
264
554
95
316
42
378
185
506
613
134
271
317
297
628
603
522
265
262
334
559
59
366
219
292
11
608
257
361
129
550
53
221
273
275
44
89
450
113
491
479
241
3
336
590
580
188
462
528
170
314
183
249
213
216
615
138
480
574
272
358
54
82
142
467
320
41
55
302
43
629
420
633
118
584
149
516
198
130
422
248
352
525
218
634
389
291
243
287
368
278
276
606
283
396
534
428
538
117
270
100
299
620
599
331
612
325
305
461
215
66
217
193
4
161
263
199
344
382
561
67
207
591
232
333
76
155
70
487
10
611
328
453
640
307
94
455
194
62
189
338
600
7
167
448
156
68
447
93
109
20
34
388
505
126
565
111
140
567
132
9
298
353
577
356
624
58
425
402
346
546
569
543
28
266
365
26
527
496
197
490
109
260
17
154
614
244
57
187
220
226
516
192
475
436
34
161
35
590
259
482
600
533
639
561
531
6
241
465
530
337
454
359
300
123
414
545
616
493
205
511
510
504
304
222
507
534
502
538
312
234
294
522
403
64
249
129
170
633
158
601
296
11
381
83
50
456
264
594
268
125
473
336
160
478
99
96
236
271
542
5
620
520
366
546
178
411
28
25
284
29
393
262
613
361
394
609
164
371
56
115
571
362
239
281
385
277
31
67
217
122
583
476
398
331
558
229
544
256
33
210
157
625
32
183
84
565
391
638
460
593
46
195
603
110
335
69
22
93
484
85
77
186
543
481
611
598
330
495
233
282
43
329
240
246
252
340
536
90
151
286
567
307
429
223
628
276
201
607
635
432
315
505
70
479
275
452
283
287
171
376
498
595
514
153
257
626
190
214
500
293
12
439
323
377
150
81
415
316
174
146
274
14
8
16
270
552
458
382
65
437
343
608
204
555
23
44
255
1
182
327
332
525
578
579
107
449
523
448
97
488
562
401
13
36
427
20
117
395
132
104
333
297
441
188
353
572
568
494
408
357
140
428
273
358
532
212
218
464
76
89
553
563
560
203
564
384
417
4
334
30
469
355
537
86
215
250
318
54
602
582
342
105
185
423
59
176
413
557
147
596
551
339
45
211
313
40
47
380
7
62
618
383
597
521
38
149
451
527
399
519
585
477
508
621
610
468
272
373
173
60
208
121
200
349
100
224
177
447
98
63
435
49
517
375
143
106
314
634
116
577
631
103
180
216
202
199
230
422
78
221
26
518
501
341
632
238
112
310
627
184
138
101
406
267
630
295
128
487
629
548
108
412
372
344
66
198
181
278
503
535
127
556
509
225
637
457
400
309
10
378
588
584
351
68
48
72
474
466
133
95
409
306
113
575
587
302
434
148
418
254
580
142
189
266
389
444
41
19
320
622
586
496
513
462
291
453
21
549
420
424
566
299
172
242
235
51
159
58
346
433
232
152
612
606
512
440
165
470
111
591
75
191
39
624
194
124
528
550
352
486
288
118
322
471
426
402
18
364
88
134
119
27
144
228
499
114
445
392
581
92
175
369
446
605
319
311
169
251
135
480
24
397
145
547
421
139
524
396
120
279
280
472
155
356
345
258
379
179
269
55
491
82
497
80
390
374
506
540
9
79
338
130
461
425
136
3
245
53
15
290
455
285
529
42
305
367
404
347
640
623
485
570
388
253
431
589
2
416
156
387
261
141
292
459
289
166
370
405
247
206
237
301
326
219
61
350
263
442
492
73
407
348
467
207
443
450
163
52
168
573
162
317
576
94
592
554
167
354
321
569
102
308
604
526
91
213
363
438
419
483
617
227
386
303
360
87
489
368
559
365
137
599
265
126
131
430
410
209
243
71
463
515
74
636
248
615
539
37
325
196
298
328
193
231
324
541
574
619
250
324
624
195
462
307
79
501
483
549
600
420
163
49
228
382
94
547
85
135
479
461
627
154
439
142
172
134
314
374
362
480
241
599
143
388
7
540
117
477
16
309
434
160
405
187
28
528
636
260
583
427
196
111
27
147
530
494
301
338
634
639
537
108
401
569
128
515
421
385
258
419
615
513
322
470
37
410
71
632
614
445
457
447
430
329
123
436
33
341
394
25
566
166
510
202
519
132
122
383
565
512
467
188
402
482
526
216
553
326
403
255
398
577
628
396
279
131
596
452
204
509
283
178
308
262
625
280
330
387
100
584
368
12
594
551
87
397
303
199
221
361
454
371
138
19
201
564
408
451
538
82
318
103
321
116
612
331
319
203
186
110
407
323
278
316
173
351
112
422
214
435
106
416
366
208
165
531
211
456
432
535
349
264
386
626
637
277
372
493
340
631
532
141
15
562
527
248
212
180
491
77
73
311
245
336
206
92
42
53
393
328
337
22
414
466
399
251
317
539
568
589
604
355
578
591
47
458
230
83
257
487
520
3
611
66
606
592
218
302
67
548
78
544
89
613
448
181
20
505
635
546
61
76
102
54
500
265
411
38
453
121
579
40
24
253
616
18
495
353
469
576
125
157
177
292
99
298
80
287
359
144
133
593
375
352
130
574
617
145
2
423
476
29
619
192
184
72
151
550
450
209
282
210
357
365
55
249
496
10
598
168
332
35
36
167
62
114
254
39
175
429
32
148
179
64
585
358
59
618
65
602
590
586
152
304
534
232
607
96
474
46
623
557
492
313
281
193
97
533
189
291
105
6
370
158
524
86
75
400
5
150
185
21
34
220
197
465
70
601
463
118
339
88
581
81
95
136
104
425
633
190
559
4
57
334
48
191
272
139
516
268
14
297
426
497
603
273
506
290
296
556
356
345
555
238
409
536
84
327
350
511
418
472
443
367
289
30
521
438
9
638
276
129
558
113
570
360
224
582
437
243
266
23
489
222
517
541
347
261
503
119
68
169
525
413
52
390
597
159
127
561
373
595
441
392
543
60
149
444
459
433
389
640
490
93
605
235
205
146
545
518
50
485
431
468
44
284
174
488
293
244
348
315
213
109
288
170
237
363
229
58
247
630
140
380
219
486
115
369
343
621
395
299
609
310
412
176
183
424
580
162
31
223
63
8
153
286
269
107
240
198
381
471
41
335
256
161
43
312
263
236
588
91
464
306
182
294
522
17
333
575
270
587
563
227
194
504
514
449
45
215
406
239
295
344
98
508
610
300
560
629
285
74
484
523
234
274
90
440
242
69
259
200
325
554
271
13
233
120
567
428
246
384
455
252
320
622
498
499
217
572
305
124
226
404
502
417
379
26
378
225
346
231
101
364
354
207
377
446
11
267
507
552
275
442
620
473
342
164
137
529
481
608
376
478
460
571
475
415
56
573
542
156
155
1
51
126
391
171
300
531
545
566
189
314
325
534
262
420
277
124
250
79
454
415
110
543
402
269
418
235
210
287
527
212
561
363
602
112
555
532
64
393
425
341
292
448
238
178
565
234
350
216
74
419
581
583
174
327
401
459
170
511
528
488
536
611
553
627
542
245
541
446
575
295
375
403
318
321
376
519
84
567
604
457
603
211
366
616
159
334
3
5
608
113
320
428
479
346
609
355
219
190
640
564
168
98
439
447
593
169
155
246
49
278
550
256
198
86
568
484
249
224
162
315
359
252
362
544
440
114
556
306
570
139
329
485
351
48
51
241
499
597
131
521
617
206
76
100
177
106
636
335
158
515
352
378
45
399
331
630
482
282
293
589
508
470
392
54
265
270
478
105
115
333
552
455
261
30
468
328
81
16
467
423
226
477
165
391
136
244
82
587
569
304
475
424
563
586
303
324
305
21
255
275
385
266
517
286
61
179
145
421
208
571
288
310
218
562
163
199
6
57
2
476
379
251
582
460
213
183
271
330
452
220
492
338
620
267
450
150
161
215
225
122
157
188
273
247
619
560
176
632
502
149
343
239
308
237
473
624
311
109
116
254
283
67
34
236
388
240
576
572
625
323
172
302
232
347
436
77
598
230
474
134
279
193
429
180
495
55
516
580
312
307
466
92
600
75
272
144
111
342
595
18
433
539
494
456
559
400
69
97
464
390
91
504
332
498
618
146
39
596
538
142
449
354
47
227
151
298
409
12
108
426
223
205
373
483
549
411
301
13
242
635
605
27
186
384
229
422
184
610
574
107
268
356
280
397
628
344
629
514
73
37
383
52
548
200
639
197
290
453
626
65
405
129
408
147
153
493
32
369
361
195
117
503
173
389
345
299
349
152
132
7
43
233
41
9
634
93
522
10
444
339
44
1
520
326
469
381
127
491
546
529
413
15
588
63
89
380
248
85
638
33
340
181
394
66
22
360
434
194
137
317
148
337
228
281
40
31
365
294
613
382
120
221
133
591
94
364
590
118
17
214
59
19
599
633
154
525
513
547
578
204
512
500
217
138
62
506
437
431
284
387
601
60
313
530
257
68
377
621
396
319
14
316
99
557
487
175
276
404
95
435
291
103
187
87
584
443
445
140
585
438
523
23
141
481
579
259
36
471
102
615
348
101
56
524
465
594
253
623
540
258
489
398
70
4
42
637
573
496
322
412
554
201
296
46
451
38
497
461
558
357
417
135
191
128
472
83
367
430
126
50
167
171
533
631
90
243
207
164
264
209
104
285
222
11
606
490
414
119
441
28
309
458
24
416
336
537
29
551
143
8
260
535
20
614
372
231
462
297
78
442
507
607
371
370
203
125
374
510
622
121
72
353
274
263
192
202
406
432
577
386
612
486
160
53
509
196
185
80
96
35
395
88
518
26
25
526
71
501
463
166
289
358
505
407
182
592
410
368
130
480
156
58
123
427
312
55
237
593
190
90
246
44
607
301
260
398
459
238
72
449
129
448
327
371
168
601
614
468
74
605
323
335
128
402
51
85
43
527
234
316
485
326
456
133
28
213
530
420
442
532
462
231
613
191
1
596
163
561
100
363
89
233
450
73
547
222
66
581
432
26
577
121
575
321
173
157
633
201
452
267
345
351
207
99
269
384
513
62
636
50
77
337
298
553
317
424
296
110
373
501
574
543
306
604
427
165
49
159
36
381
483
559
232
382
300
615
387
304
141
414
275
368
395
288
494
637
339
220
310
481
16
143
411
180
149
354
453
567
205
61
341
92
412
357
112
512
192
535
97
314
29
174
510
229
475
105
289
445
519
484
70
572
611
488
114
423
380
162
632
436
422
573
251
41
188
507
569
343
8
199
120
228
491
334
125
350
167
479
622
603
76
628
154
122
11
580
210
305
295
12
626
416
240
428
457
166
253
206
135
33
179
342
595
499
374
570
550
409
589
355
290
640
319
52
541
202
430
197
376
403
148
194
610
78
142
394
602
40
344
65
379
434
460
292
560
178
474
265
518
551
556
630
348
193
32
473
391
366
217
540
470
161
286
583
441
390
352
303
297
444
564
465
620
324
183
542
417
171
500
94
182
446
517
356
243
236
250
332
487
266
262
124
164
69
14
83
496
635
214
493
599
39
322
215
42
369
631
463
597
548
59
478
545
218
328
330
393
353
524
30
98
175
208
147
558
278
189
88
177
549
209
360
13
258
464
139
103
34
204
318
158
104
621
358
56
320
584
505
87
255
91
150
160
79
184
377
565
313
60
170
426
634
389
221
480
514
75
571
476
45
471
534
53
385
96
400
308
132
516
362
31
340
118
576
140
421
443
386
506
25
520
134
522
211
482
283
37
302
245
230
585
242
241
525
123
367
359
58
219
472
81
405
333
101
495
115
375
64
361
291
396
315
624
590
3
349
203
407
617
588
195
612
502
294
408
23
172
429
187
24
608
533
536
63
272
181
117
526
280
311
48
440
404
497
225
248
270
401
82
84
544
249
19
557
226
486
521
477
578
196
309
227
274
5
239
435
378
153
144
146
106
490
6
325
109
619
156
67
256
562
438
107
126
276
582
587
594
102
111
152
489
639
638
7
57
273
552
458
21
329
469
15
509
281
546
27
618
95
264
212
119
418
529
137
467
365
10
629
155
410
511
508
528
392
338
9
54
108
80
71
425
455
388
586
216
413
130
498
279
169
247
282
515
504
437
383
235
127
539
254
406
566
4
461
523
131
18
447
198
261
346
531
598
454
492
113
186
200
439
223
331
609
625
151
616
22
68
307
263
606
555
433
47
431
537
600
336
268
284
20
2
370
93
35
503
451
86
419
277
466
224
257
299
397
116
399
563
145
293
285
138
38
372
415
623
554
347
259
538
46
591
592
271
364
287
176
579
136
244
627
568
252
185
17
377
529
211
89
318
621
525
319
235
430
507
442
523
409
579
124
399
228
118
263
43
604
202
301
311
190
589
444
495
598
363
283
6
257
200
501
438
371
455
601
413
422
433
146
150
618
625
496
255
516
95
111
231
267
486
435
93
42
31
276
164
102
305
418
147
448
249
463
602
2
482
279
266
201
272
588
350
600
594
15
172
28
410
82
555
175
275
429
556
197
522
330
37
380
390
342
173
91
74
232
268
617
20
627
421
116
85
633
174
297
204
357
309
11
603
480
411
548
213
583
396
573
129
163
566
109
358
494
247
306
119
513
47
639
215
332
134
128
73
66
389
567
337
281
187
321
414
465
220
209
180
345
13
386
35
610
436
385
189
609
50
223
179
16
622
244
115
613
365
98
298
481
638
367
635
207
440
473
58
608
22
343
521
157
206
44
62
291
104
103
225
7
450
491
508
560
149
76
550
561
310
484
520
629
161
542
360
572
33
528
137
156
240
114
144
506
113
457
112
425
401
54
120
394
391
325
434
472
404
623
347
245
498
424
167
432
77
27
57
143
532
512
155
10
412
370
570
441
564
45
640
53
398
181
366
264
510
379
452
239
5
8
48
454
397
246
592
286
252
408
320
105
431
133
270
624
9
420
34
487
26
88
78
612
36
278
160
302
393
182
154
619
165
426
86
273
591
519
67
541
407
577
563
346
372
461
458
630
334
509
537
106
3
476
549
586
251
63
581
540
423
186
296
32
65
451
224
304
198
250
511
616
339
166
218
526
504
324
497
387
69
637
94
71
217
322
290
514
587
352
614
205
92
81
503
590
631
285
517
178
531
553
479
24
68
395
61
634
354
620
373
185
546
312
405
596
571
468
552
584
403
107
30
135
126
445
97
317
226
196
378
284
551
210
547
489
23
131
130
256
152
607
518
574
593
158
578
241
265
361
595
449
72
242
351
558
331
18
467
353
294
499
203
327
349
177
611
142
559
75
84
110
569
248
132
238
19
323
565
227
375
59
416
299
355
191
543
4
140
336
369
230
524
626
539
460
576
70
233
459
568
80
545
417
79
477
597
636
269
148
1
530
168
29
39
443
368
474
341
208
439
288
475
419
87
193
562
280
52
222
60
464
615
557
261
538
335
575
260
384
313
170
402
453
400
46
145
485
14
101
447
348
123
490
90
415
127
381
582
456
151
544
599
427
139
254
466
136
470
64
274
478
344
38
374
340
184
314
192
376
328
212
214
329
219
628
493
277
194
117
536
21
271
333
259
199
229
17
122
293
162
141
388
527
253
183
243
282
488
515
554
216
308
606
469
307
287
315
483
25
383
237
289
96
605
364
262
406
138
258
12
500
338
356
502
83
632
437
121
362
55
171
153
462
169
159
300
326
382
295
41
99
428
316
471
125
392
585
51
56
359
221
446
236
535
292
234
40
580
195
303
533
49
176
108
492
188
505
534
100
235
116
352
501
358
319
2
309
226
410
39
471
115
469
240
610
387
67
218
289
637
425
552
223
483
253
217
466
37
441
382
140
578
372
60
273
244
379
155
291
107
474
638
411
25
193
252
498
408
96
619
314
203
442
56
239
135
311
9
616
97
423
339
176
399
559
134
599
66
617
480
580
521
420
88
630
608
631
301
509
121
35
307
547
171
413
188
541
320
605
51
141
278
298
186
467
405
443
446
476
457
451
262
596
163
582
445
493
542
404
294
338
42
635
126
263
353
286
419
477
275
388
391
357
554
260
565
383
147
111
281
73
241
269
390
341
198
342
504
98
569
259
196
313
436
213
68
406
386
44
528
104
214
350
184
478
210
517
26
553
454
257
453
473
587
450
300
589
558
615
173
433
228
52
227
622
612
591
277
170
55
560
428
634
470
516
349
385
238
348
460
344
77
130
336
315
120
78
15
117
461
426
150
237
555
359
144
17
632
160
392
513
376
594
28
142
364
175
95
156
256
168
448
328
538
49
489
570
414
165
535
508
81
598
148
335
487
100
626
329
57
152
250
232
505
105
427
507
384
356
495
24
604
398
206
64
486
19
588
540
113
10
424
484
525
322
361
122
89
345
562
366
45
510
415
566
537
522
180
204
85
265
472
494
190
607
272
355
393
167
266
614
7
207
70
347
606
169
620
479
264
8
90
195
519
418
324
254
234
125
106
416
157
211
149
373
567
189
158
231
292
327
625
306
431
514
108
18
181
362
518
182
4
618
191
444
633
41
381
312
82
132
456
247
36
178
295
549
496
417
524
491
571
520
330
370
332
323
551
109
475
455
548
395
3
409
53
539
440
592
128
351
531
397
573
318
124
146
174
225
79
458
369
271
449
129
627
299
439
543
1
465
219
151
145
482
503
586
12
101
11
636
76
532
597
557
285
346
16
563
280
233
533
575
375
91
340
172
282
33
581
236
208
502
380
595
407
80
103
550
47
447
601
293
34
83
584
30
246
187
21
432
556
287
242
243
159
84
119
162
389
13
166
325
153
54
545
326
354
310
143
202
374
308
497
58
523
435
331
401
402
118
574
304
437
14
50
360
221
43
430
74
590
530
511
114
274
93
27
367
38
611
258
371
462
224
284
63
20
212
429
527
65
629
628
245
279
512
621
343
123
283
506
363
529
31
268
201
421
185
412
368
102
179
192
452
32
94
71
131
396
61
183
302
220
297
161
490
69
515
87
127
23
321
583
215
572
468
112
334
164
561
255
137
602
270
422
138
110
394
463
216
485
72
488
500
481
296
623
248
577
229
603
303
92
75
492
230
209
579
544
378
316
365
205
48
464
434
86
276
136
99
585
200
600
568
133
576
288
197
154
29
5
337
6
199
139
194
613
593
222
526
459
46
377
438
546
251
317
261
403
536
267
290
62
40
249
564
534
333
624
640
22
499
609
639
400
59
305
177
416
324
164
607
336
355
30
546
93
474
392
29
260
523
281
492
171
537
365
88
419
35
317
8
24
56
538
104
456
481
452
18
570
471
533
473
316
582
31
107
280
74
46
318
292
527
423
356
454
561
58
428
124
284
223
488
430
400
308
351
138
458
577
9
617
113
214
557
501
521
73
233
560
551
345
567
547
234
425
47
502
587
343
77
270
486
405
50
78
396
451
519
55
38
381
475
273
390
436
545
122
380
17
441
394
194
125
384
361
40
609
63
268
525
636
359
142
274
51
319
156
536
267
3
39
593
247
82
128
114
19
117
469
32
485
443
202
524
397
303
505
602
108
290
84
53
555
41
395
192
161
10
619
439
86
511
633
552
310
315
445
434
393
112
614
448
347
221
140
306
253
13
374
331
497
262
100
130
346
504
440
517
464
632
444
118
237
594
101
576
279
148
176
173
342
601
75
264
460
255
23
350
613
143
566
227
509
205
624
199
275
378
139
60
193
163
313
503
91
149
97
159
493
476
133
595
115
103
479
421
158
222
362
386
246
554
7
294
532
411
635
373
71
608
129
564
368
34
507
218
146
286
403
236
558
137
638
562
625
178
463
258
334
335
528
245
520
433
357
226
37
364
70
127
269
170
622
548
203
1
59
322
370
325
144
340
266
358
21
478
207
418
99
500
424
420
516
162
320
209
57
299
297
215
239
123
277
135
438
212
437
535
121
427
12
459
188
169
491
232
534
333
412
344
68
553
328
238
240
323
25
36
272
640
210
175
14
288
15
180
526
33
141
252
49
584
311
166
22
296
422
442
189
182
598
87
183
136
179
109
639
157
610
578
261
467
618
549
369
265
167
83
298
134
304
413
575
498
539
383
263
466
231
597
150
563
177
295
540
96
529
377
27
151
216
42
152
165
470
628
120
235
259
623
242
153
155
457
26
376
600
116
352
243
16
462
398
283
568
271
494
5
44
604
446
431
200
375
490
314
126
168
257
204
612
589
512
581
201
611
81
565
627
119
102
506
160
353
620
225
480
287
187
229
327
417
300
550
61
432
592
349
450
76
583
606
590
301
360
372
399
278
48
574
72
241
89
106
254
468
52
461
213
309
544
483
85
111
321
110
64
354
518
95
408
219
626
230
515
282
409
385
591
211
388
341
105
172
514
616
197
291
220
585
330
191
426
556
634
196
69
62
312
256
80
596
2
482
244
248
429
305
379
43
573
224
217
389
94
4
185
542
329
531
465
289
382
228
621
184
541
414
447
580
285
66
174
489
367
366
302
251
631
472
455
559
6
79
67
154
629
338
510
579
571
20
339
348
293
415
249
603
276
435
28
404
530
92
588
499
543
508
406
181
186
410
206
65
615
54
495
496
487
198
98
363
145
337
599
332
391
401
449
250
484
11
637
131
586
407
195
513
402
132
387
190
326
522
45
90
147
307
569
630
453
477
572
605
371
208
275
192
469
541
244
235
355
132
112
1
420
387
74
379
552
181
40
71
440
343
332
381
566
515
267
191
84
157
421
277
382
17
313
93
549
540
615
384
250
422
56
601
578
357
594
346
92
134
565
5
338
449
311
72
555
438
574
243
353
188
116
447
46
380
91
451
152
481
452
254
182
458
473
347
281
21
208
631
151
144
453
76
599
128
19
429
156
215
221
34
86
166
88
603
489
535
484
308
548
153
286
505
78
567
270
358
356
636
397
443
247
470
75
271
30
417
340
516
472
295
226
554
494
62
302
370
13
202
413
102
583
507
262
33
293
418
249
190
38
478
227
468
111
273
614
392
118
405
278
110
279
70
200
576
109
500
290
39
538
542
520
608
57
581
471
606
24
638
354
269
82
44
274
423
327
350
337
257
624
389
22
185
330
404
303
410
498
495
87
318
159
37
183
122
521
466
80
288
121
205
32
45
625
64
266
285
108
331
371
206
375
459
47
532
283
544
550
564
602
547
360
577
248
129
162
351
618
401
374
186
68
324
114
493
399
637
523
475
25
464
579
569
142
296
435
359
41
287
513
369
81
60
193
441
352
534
616
372
454
426
141
434
537
90
341
491
461
595
67
204
560
268
508
630
177
31
445
214
63
49
54
398
305
52
168
174
213
222
511
487
572
477
412
518
386
240
510
368
180
203
314
553
69
496
546
147
527
431
334
95
596
148
125
628
414
556
117
530
284
450
216
234
482
345
446
207
304
160
220
536
96
42
29
456
316
467
509
306
640
51
184
395
522
590
164
588
97
363
427
169
43
325
373
259
364
462
585
256
367
504
194
315
98
597
388
20
626
83
376
158
94
391
390
8
514
393
196
58
103
137
326
119
59
197
437
563
476
170
27
224
503
310
524
592
436
344
620
428
517
2
562
408
264
432
291
479
228
48
543
609
629
6
409
99
610
149
336
12
106
3
568
430
557
16
488
490
211
497
115
394
474
639
501
171
366
448
502
172
265
319
465
593
587
582
328
573
218
416
439
145
131
605
589
55
136
627
107
217
242
89
113
139
424
154
312
210
252
591
528
124
442
570
120
632
209
65
403
551
460
300
463
155
385
292
225
272
611
635
529
362
457
79
199
282
335
26
407
298
545
607
176
531
621
299
339
229
15
559
415
231
73
317
411
383
361
195
241
301
280
85
175
260
309
23
425
604
179
100
322
263
35
365
77
101
233
402
232
11
634
143
167
571
219
323
483
584
201
246
598
7
212
612
586
289
126
276
237
561
130
619
406
178
533
455
140
419
36
400
253
10
239
50
18
396
105
320
633
187
245
28
173
525
223
133
161
539
519
613
127
66
4
297
623
307
492
444
14
486
617
189
236
150
378
329
104
321
251
61
600
526
123
512
135
198
348
377
53
499
333
485
622
138
9
558
258
342
146
433
163
230
575
261
255
238
165
349
506
480
580
294
80
636
370
188
474
299
391
186
79
353
375
330
573
32
263
187
337
446
351
73
189
530
428
239
472
398
390
279
306
360
511
83
90
504
151
60
620
402
435
622
115
553
575
509
403
215
448
107
497
607
564
487
229
459
110
520
397
3
621
533
275
624
602
376
78
508
618
613
477
484
144
521
586
192
312
332
451
415
91
473
266
41
122
467
119
425
43
582
500
461
576
627
273
479
44
287
13
7
466
581
389
139
328
565
585
316
286
197
274
429
491
614
89
170
611
358
23
488
535
432
363
221
476
19
635
194
529
64
606
51
610
291
2
499
308
324
235
404
82
145
366
16
486
288
47
138
202
371
31
169
36
640
400
55
522
416
38
447
128
559
364
471
515
4
25
501
597
98
395
350
310
259
57
537
246
309
596
212
579
359
123
10
554
152
93
335
452
49
407
519
70
268
333
179
237
149
209
69
146
172
66
449
534
184
26
396
203
269
185
276
211
430
132
61
417
314
406
599
346
214
387
542
124
5
344
147
63
392
142
544
231
598
595
121
524
261
349
34
195
572
120
118
97
464
300
480
223
219
166
634
295
419
502
285
512
264
438
158
556
24
347
53
126
468
46
408
615
516
639
250
105
413
29
421
163
305
506
260
226
510
513
632
444
388
541
270
244
543
58
35
367
440
255
14
198
453
265
104
33
298
566
271
141
272
241
420
217
604
558
470
342
173
228
494
412
603
496
594
319
72
277
580
401
483
40
258
154
135
292
469
174
354
178
311
327
143
633
116
37
256
156
301
356
593
94
28
30
352
150
329
129
498
153
348
493
100
343
548
234
325
625
159
320
248
422
490
220
455
443
101
637
180
182
323
465
289
88
85
238
338
18
475
176
114
612
303
441
571
489
457
77
243
373
505
86
245
134
222
629
111
409
283
340
445
22
317
538
570
528
560
137
20
21
284
213
161
87
249
414
411
225
619
27
52
492
334
304
262
623
424
251
160
485
591
318
514
546
296
267
59
175
557
130
405
439
423
454
331
578
68
394
56
227
12
399
463
442
204
380
478
369
95
617
384
257
240
6
190
315
177
608
382
383
131
9
321
290
230
200
71
205
588
341
196
96
589
456
436
17
600
426
574
517
437
357
302
605
568
247
113
336
252
233
374
385
15
208
609
410
297
536
136
527
450
165
393
601
616
567
540
242
253
638
54
547
148
458
67
628
526
162
232
569
127
372
171
381
84
583
561
563
523
164
99
431
206
495
92
76
45
555
75
207
362
631
427
626
81
386
254
433
11
503
339
193
236
216
322
106
168
630
481
1
307
551
293
181
434
282
294
133
42
355
532
525
584
157
218
482
539
278
552
577
8
545
365
112
378
109
345
62
418
281
167
224
379
48
531
191
125
550
103
140
592
199
280
460
462
65
210
108
368
326
39
507
377
361
74
313
587
201
102
518
155
117
590
549
183
50
562
